   2.6416000e+00   5.4024171e-02   4.1193779e-01   1.9024000e-05   7.5035441e-02   1.3773386e-02   1.0120528e-02   2.8554826e-03
   3.2512000e+00   3.7557574e-02   4.3765797e-01   2.5612800e-04   7.6210939e-02   1.6094946e-02   1.1819674e-02   5.5114418e-03
   3.8608000e+00   9.0382058e-02   4.6175506e-01   2.8756400e-04   1.4696154e-01   3.8224195e-02   2.7239872e-02   2.0483027e-02
   4.4704000e+00   1.0535410e-01   4.6699928e-01   1.7968400e-04   1.5158674e-01   3.5510750e-02   2.7328650e-02   1.5470288e-02
   5.0800000e+00   1.7938966e-02   4.1885738e-01   1.5196000e-05   3.7559263e-02   8.9622394e-03   4.5983409e-03   4.9068113e-03
   5.6896000e+00   2.8167858e-02   4.2734602e-01   2.1460000e-05   5.0315629e-02   1.2216632e-02   6.7281060e-03   6.6810368e-03
   6.2992000e+00   4.5910538e-02   4.2929140e-01   1.7400000e-05   6.9793198e-02   2.1362397e-02   9.8960454e-03   1.7086429e-02
   6.9088000e+00   5.3461441e-02   4.5773094e-01   6.0320000e-06   8.6183531e-02   1.9079087e-02   1.2874295e-02   7.5050175e-03
   7.5184000e+00   2.6718067e-02   4.5416766e-01   2.5520000e-06   3.7020466e-02   8.6731643e-03   3.2417135e-03   4.7182934e-03
   8.2376000e+00   5.0889300e-02   5.3118164e-01   4.2340000e-05   1.2752650e-01   3.1001112e-02   2.2199891e-02   1.4924241e-02
   8.7376000e+00   5.0889300e-02   5.3118164e-01   3.6116600e-03   1.2752650e-01   3.1001112e-02   2.2199891e-02   1.4924241e-02
   9.3472000e+00   1.0933813e-01   5.0031196e-01   2.4615200e-04   1.7398794e-01   4.7595792e-02   3.2787151e-02   2.7906755e-02
   9.9568000e+00   6.4546258e-02   5.0131883e-01   1.9140000e-04   1.3047656e-01   2.8625840e-02   2.2150458e-02   1.0769814e-02
   1.0566400e+01   6.9782884e-02   4.4385688e-01   7.3926800e-04   9.9569887e-02   1.8998018e-02   1.4583867e-02   4.6519432e-03
   1.1176000e+01   4.9306191e-02   4.2255283e-01   1.7766560e-03   8.7380174e-02   1.7373724e-02   1.3344537e-02   4.9919569e-03
   1.1785600e+01   7.8939122e-02   4.3258226e-01   4.4770200e-03   1.2003321e-01   2.5794132e-02   1.9962742e-02   9.3027670e-03
   1.2395200e+01   9.9519412e-02   4.4620057e-01   4.5054400e-04   1.4529417e-01   3.5077685e-02   2.6050850e-02   1.6539072e-02
   1.3004800e+01   2.1685507e-01   3.8230566e-01   1.7913880e-03   1.5638556e-01   3.7911214e-02   2.8416333e-02   1.7926135e-02
   1.3614400e+01   1.1298024e-01   4.4867633e-01   7.4483600e-04   1.4165861e-01   3.2379286e-02   2.4818587e-02   1.3449098e-02
   1.4224000e+01   1.1129800e-01   4.5448783e-01   1.6657600e-04   1.4471770e-01   3.1891292e-02   2.4751146e-02   1.2124175e-02
   1.4833600e+01   8.7571878e-02   4.3578953e-01   2.5984000e-05   1.1879042e-01   2.5232326e-02   1.9750878e-02   8.7219634e-03
   1.5443200e+01   1.6558114e-01   4.1905385e-01   1.6610040e-03   1.6462794e-01   4.0414364e-02   3.0834964e-02   1.9267743e-02
   1.6052800e+01   1.8720797e-01   3.6752951e-01   2.8037200e-04   1.5053424e-01   3.9799223e-02   2.8764898e-02   2.1665791e-02
   1.6662400e+01   3.0441200e-02   4.4613456e-01   1.0370400e-04   6.2298314e-02   1.2703495e-02   9.3027610e-03   3.8289527e-03
   1.7272000e+01   2.9146747e-02   3.9077459e-01   6.9484000e-05   4.5525173e-02   1.4474363e-02   6.3615927e-03   1.1603162e-02
   1.7881600e+01   3.4020458e-01   3.6366000e-01   5.1156000e-04   1.8594788e-01   6.2425213e-02   3.7672536e-02   4.8376563e-02
   1.8491200e+01   2.4524451e-01   3.8987811e-01   1.1496760e-03   1.8249189e-01   5.2972875e-02   3.6339924e-02   3.3447968e-02
   1.9100800e+01   7.1832367e-02   3.8424240e-01   1.1600000e-07   1.0187253e-01   2.7561988e-02   1.8747840e-02   1.5828722e-02
