   1.0680000e+01   1.5600435e-01   3.1619061e-01   4.1064000e-04   1.2462269e-01   3.1043314e-02   2.3494870e-02   1.5346232e-02
   1.1680000e+01   3.4033450e-01   3.3500862e-01   1.4755200e-03   1.7292239e-01   4.2836256e-02   3.3511842e-02   2.0555410e-02
   1.2680000e+01   2.2141725e-01   3.1625837e-01   7.6676000e-04   1.2891404e-01   3.0151747e-02   2.3113841e-02   1.3289527e-02
   1.3680000e+01   2.3364176e-01   3.2992987e-01   7.9924000e-04   1.4330245e-01   3.4972488e-02   2.6726393e-02   1.6469290e-02
   1.4680000e+01   3.6402617e-01   2.9298340e-01   2.8837600e-03   1.5567726e-01   4.3384727e-02   3.1017152e-02   2.5785687e-02
   1.5680000e+01   3.6149868e-01   3.4436820e-01   6.8672000e-04   1.8320956e-01   4.7394509e-02   3.6073523e-02   2.4593836e-02
   1.6180000e+01   3.9825914e-01   3.1366335e-01   6.1016000e-04   1.7515295e-01   5.4295730e-02   3.6037283e-02   3.7354258e-02
   1.7680000e+01   8.1758366e-02   2.9523091e-01   1.5625200e-03   8.1014373e-02   2.9203393e-02   1.4626562e-02   2.6649575e-02
   1.8680000e+01   1.6364292e-01   2.7184958e-01   1.7156400e-03   9.2801818e-02   4.1982066e-02   1.7677905e-02   4.4592746e-02
   1.9180000e+01   1.7869798e-01   3.5727774e-01   1.7724800e-03   1.4524079e-01   4.1591874e-02   2.8484311e-02   2.5600402e-02
