   1.0700000e+01   2.2191495e-02   3.8256629e-01   1.9720000e-05   2.4998530e-02   4.1641189e-03   1.3801461e-03   2.8038717e-04
   1.1700000e+01   7.1881319e-02   3.1266464e-01   5.9160000e-05   5.1000941e-02   1.3164492e-02   5.8723286e-03   8.6208759e-03
   1.2700000e+01   7.0064671e-02   3.2262902e-01   9.6280000e-05   6.5861195e-02   1.3190794e-02   9.5091091e-03   3.7572529e-03
   1.3700000e+01   9.1367305e-02   3.5453868e-01   7.8996000e-04   9.2796547e-02   1.9012196e-02   1.4771290e-02   5.9587982e-03
   1.4700000e+01   6.0680620e-02   3.6366303e-01   1.1182400e-03   6.3165803e-02   1.1217118e-02   7.5085763e-03   1.9167816e-03
   1.5700000e+01   5.4773592e-02   3.6350197e-01   8.0040000e-05   6.3675548e-02   1.1046144e-02   7.5284797e-03   1.6800577e-03
   1.6700000e+01   1.0079832e-01   3.2883503e-01   1.3920000e-04   1.0726450e-01   2.4820865e-02   1.9255054e-02   1.0623382e-02
   1.7700000e+01   1.2902225e-01   3.1404952e-01   7.6560000e-04   9.8978817e-02   2.0955809e-02   1.6505662e-02   7.1876502e-03
   1.8700000e+01   1.7593669e-01   3.0468110e-01   1.3444400e-03   1.1021549e-01   2.5331870e-02   1.9196775e-02   1.0764909e-02
   1.9200000e+01   2.3435456e-01   2.9566090e-01   4.6168000e-04   1.2187568e-01   3.9031321e-02   2.2771300e-02   3.0296248e-02
