  2.0320000e+001  5.6073074e-001  5.0168118e-001  2.3377878e-002  9.7376772e-003  4.7321131e-001  1.5616561e-007  6.9451725e-003  1.1348819e-003  1.3963746e-003  2.2315711e-004
  1.9710400e+001  5.3606959e-001  4.9964365e-001  2.2707599e-002  1.1399551e-002  6.1999281e-001  1.3485170e-007  1.6454856e-002  4.4818246e-003  1.1826510e-003  3.0825126e-003
  1.9100800e+001  3.8424240e-001  1.6753517e-001  2.1670723e-001  7.1832367e-002  1.7645568e+001  3.0438193e-005  1.0187253e-001  2.7561988e-002  1.8747840e-002  1.5828722e-002
  1.8491200e+001  3.8987811e-001  4.6896740e-002  3.4298137e-001  2.4524451e-001  2.0869759e+002  1.0309844e-003  1.8249189e-001  5.2972875e-002  3.6339924e-002  3.3447968e-002
  1.7881600e+001  3.6366000e-001  4.1370707e-003  3.5952292e-001  3.4020458e-001  3.7459833e+002  1.0415181e-001  1.8594788e-001  6.2425213e-002  3.7672536e-002  4.8376563e-002
  1.7272000e+001  3.9077459e-001  2.2101665e-001  1.6130378e-001  2.9146747e-002  2.9545850e+000  9.6163360e-006  4.5525173e-002  1.4474363e-002  6.3615927e-003  1.1603162e-002
  1.6662400e+001  4.4613456e-001  2.8753084e-001  1.5808654e-001  3.0441200e-002  3.6794205e+000  9.9585618e-006  6.2298314e-002  1.2703495e-002  9.3027610e-003  3.8289527e-003
  1.6052800e+001  3.6752951e-001  5.4184167e-002  3.1334534e-001  1.8720797e-001  1.1463860e+002  5.0909754e-004  1.5053424e-001  3.9799223e-002  2.8764898e-002  2.1665791e-002
  1.5443200e+001  4.1905385e-001  7.9972349e-002  3.3908150e-001  1.6558114e-001  1.0225429e+002  4.6261350e-004  1.6462794e-001  4.0414364e-002  3.0834964e-002  1.9267743e-002
  1.4833600e+001  4.3578953e-001  1.2873810e-001  3.0699123e-001  8.7571878e-002  2.9743777e+001  1.7099799e-004  1.1879042e-001  2.5232326e-002  1.9750878e-002  8.7219634e-003
  1.4224000e+001  4.5448783e-001  5.6475867e-002  3.8320291e-001  1.1129800e-001  5.0105679e+001  1.0288315e-003  1.4471770e-001  3.1891292e-002  2.4751146e-002  1.2124175e-002
  1.3614400e+001  4.4867633e-001  1.0570102e-001  3.4293014e-001  1.1298024e-001  5.0971586e+001  3.5567559e-004  1.4165861e-001  3.2379286e-002  2.4818587e-002  1.3449098e-002
  1.3004800e+001  3.8230566e-001  8.4435986e-003  3.7386206e-001  2.1685507e-001  1.6000734e+002  3.4469871e-002  1.5638556e-001  3.7911214e-002  2.8416333e-002  1.7926135e-002
  1.2395200e+001  4.4620057e-001  6.7501612e-002  3.5653262e-001  9.9519412e-002  3.9331067e+001  5.2296054e-004  1.4529417e-001  3.5077685e-002  2.6050850e-002  1.6539072e-002
  1.1785600e+001  4.3258226e-001  7.3399306e-002  3.3704022e-001  7.8939122e-002  2.3990721e+001  3.6364702e-004  1.2003321e-001  2.5794132e-002  1.9962742e-002  9.3027670e-003
  1.1176000e+001  4.2255283e-001  1.3234535e-001  2.7265189e-001  4.9306191e-002  9.1426887e+000  8.8022030e-005  8.7380174e-002  1.7373724e-002  1.3344537e-002  4.9919569e-003
  1.0566400e+001  4.4385688e-001  1.1979508e-001  3.1995823e-001  6.9782884e-002  1.9236710e+001  2.1601075e-004  9.9569887e-002  1.8998018e-002  1.4583867e-002  4.6519432e-003
  9.9568000e+000  5.0131883e-001  1.3490782e-001  3.3985874e-001  6.4546258e-002  1.8588577e+001  2.3355239e-004  1.3047656e-001  2.8625840e-002  2.2150458e-002  1.0769814e-002
  9.3472000e+000  5.0031196e-001  8.8386234e-002  3.9147867e-001  1.0933813e-001  5.3232167e+001  6.7654699e-004  1.7398794e-001  4.7595792e-002  3.2787151e-002  2.7906755e-002
  8.7376000e+000  5.3118164e-001  1.6702210e-001  3.2932708e-001  5.0889300e-002  1.2242948e+001  1.7685516e-004  1.2752650e-001  3.1001112e-002  2.2199891e-002  1.4924241e-002
  8.2376000e+000  5.3118164e-001  1.6702210e-001  3.2932708e-001  5.0889300e-002  1.2242948e+001  1.7685516e-004  1.2752650e-001  3.1001112e-002  2.2199891e-002  1.4924241e-002
  7.5184000e+000  4.5416766e-001  2.3671702e-001  2.0687898e-001  2.6718067e-002  2.8854682e+000  2.4851945e-005  3.7020466e-002  8.6731643e-003  3.2417135e-003  4.7182934e-003
  6.9088000e+000  4.5773094e-001  1.5252414e-001  2.9586624e-001  5.3461441e-002  1.1643448e+001  1.2240226e-004  8.6183531e-002  1.9079087e-002  1.2874295e-002  7.5050175e-003
  6.2992000e+000  4.2929140e-001  1.4578565e-001  2.7026012e-001  4.5910538e-002  8.0531718e+000  8.1859451e-005  6.9793198e-002  2.1362397e-002  9.8960454e-003  1.7086429e-002
  5.6896000e+000  4.2734602e-001  2.3701728e-001  1.7698341e-001  2.8167858e-002  3.0177087e+000  1.3909653e-005  5.0315629e-002  1.2216632e-002  6.7281060e-003  6.6810368e-003
  5.0800000e+000  4.1885738e-001  2.3875679e-001  1.4608829e-001  1.7938966e-002  1.1996402e+000  7.3684776e-006  3.7559263e-002  8.9622394e-003  4.5983409e-003  4.9068113e-003
  4.4704000e+000  4.6699928e-001  1.2602582e-001  3.3745550e-001  1.0535410e-001  4.6132721e+001  2.6935017e-004  1.5158674e-001  3.5510750e-002  2.7328650e-002  1.5470288e-002
  3.8608000e+000  4.6175506e-001  1.0830611e-001  3.3422870e-001  9.0382058e-002  3.3571143e+001  2.6060691e-004  1.4696154e-001  3.8224195e-002  2.7239872e-002  2.0483027e-002
  3.2512000e+000  4.3765797e-001  1.9873600e-001  2.2206869e-001  3.7557574e-002  5.4943953e+000  3.2488430e-005  7.6210939e-002  1.6094946e-002  1.1819674e-002  5.5114418e-003
  2.6416000e+000  4.1193779e-001  1.4144135e-001  2.6887256e-001  5.4024171e-002  1.0700347e+001  8.4880611e-005  7.5035441e-002  1.3773386e-002  1.0120528e-002  2.8554826e-003
  2.0320000e+000  4.8718185e-001  3.0267450e-001  1.6359457e-001  1.9993898e-002  1.7333092e+000  1.2016931e-005  4.2495417e-002  7.5034442e-003  4.6839415e-003  1.1978911e-003
