  1.9940000e+001  4.2811317e-001  1.6918254e-001  2.5893064e-001  6.5811803e-002  1.6502745e+001  6.5667939e-005  1.2444126e-001  3.5844194e-002  2.3652631e-002  2.3381582e-002
  1.9440000e+001  3.4389429e-001  4.2433699e-003  3.3965092e-001  2.1717098e-001  1.4435059e+002  7.0851465e-002  1.2990002e-001  5.8488388e-002  2.4668550e-002  6.1950121e-002
  1.8940000e+001  3.0332029e-001  3.5881063e-003  2.9973219e-001  2.7434255e-001  2.0317853e+002  4.5743928e-002  1.4017826e-001  4.2765769e-002  2.7379890e-002  2.9635751e-002
  1.8440000e+001  3.3531376e-001  6.6310118e-002  2.6900364e-001  1.3619057e-001  5.5352275e+001  1.7359684e-004  1.2834788e-001  3.5972995e-002  2.4636074e-002  2.2158429e-002
  1.7940000e+001  3.6172497e-001  1.1028868e-001  2.5143628e-001  9.3994636e-002  2.8442950e+001  7.4259256e-005  1.0167668e-001  2.3745618e-002  1.7656713e-002  1.0393622e-002
  1.7440000e+001  3.4714181e-001  1.0682257e-001  2.4031925e-001  1.1506266e-001  4.0903999e+001  6.1336523e-005  1.3474982e-001  3.8692144e-002  2.7032342e-002  2.3920915e-002
  1.6940000e+001  3.0404871e-001  1.7854199e-002  2.8619451e-001  2.7070558e-001  1.9830222e+002  1.8269751e-003  1.4468864e-001  4.4095145e-002  2.9016365e-002  2.9633736e-002
  1.6440000e+001  2.9746846e-001  0.0000000e+000  2.9746846e-001  3.9759912e-001  4.1852534e+002  5.7826109e-001  1.6581430e-001  4.4477381e-002  3.3256939e-002  2.4392609e-002
  1.5940000e+001  3.2836337e-001  0.0000000e+000  3.2836337e-001  3.9937758e-001  4.6613538e+002  1.0461804e+000  1.8155086e-001  5.4075780e-002  3.6871647e-002  3.5507390e-002
  1.5440000e+001  3.4029654e-001  2.9516481e-002  3.1078006e-001  2.8207290e-001  2.4097404e+002  1.2393314e-003  1.6692002e-001  4.9963256e-002  3.3620293e-002  3.2870617e-002
  1.4940000e+001  3.0590427e-001  2.5805274e-002  2.8009900e-001  3.0096570e-001  2.4660936e+002  8.5975564e-004  1.5460104e-001  4.8494763e-002  3.1621071e-002  3.3822917e-002
  1.4440000e+001  3.2049562e-001  1.0887943e-003  3.1940682e-001  2.8839145e-001  2.3723396e+002  4.1106422e-001  1.5268845e-001  4.2081587e-002  2.9607188e-002  2.4694980e-002
  1.3940000e+001  3.6000787e-001  3.7694996e-002  3.2231287e-001  1.7137243e-001  9.4098761e+001  1.0242564e-003  1.4209819e-001  3.6873231e-002  2.6391615e-002  2.0225358e-002
  1.3440000e+001  3.3251429e-001  4.9799447e-002  2.8271485e-001  1.5185383e-001  6.8242011e+001  3.2869474e-004  1.2607779e-001  2.8783730e-002  2.2864514e-002  1.1866200e-002
  1.2940000e+001  2.9636608e-001  3.6051415e-005  2.9633002e-001  1.8782608e-001  9.3052980e+001  5.6465029e-001  1.0713242e-001  2.1925506e-002  1.7700702e-002  6.8959054e-003
  1.2440000e+001  4.0302448e-001  7.4874106e-002  3.2815038e-001  1.4167518e-001  7.1996104e+001  4.2287223e-004  1.5389274e-001  4.9076385e-002  2.9874644e-002  3.6686641e-002
  1.1940000e+001  3.5134862e-001  1.9635722e-002  3.3171290e-001  2.6100363e-001  2.1302048e+002  3.6202403e-003  1.6292955e-001  4.6065311e-002  3.1876181e-002  2.8144077e-002
  1.1440000e+001  3.4406963e-001  9.2511631e-005  3.4397712e-001  2.5176140e-001  1.9409513e+002  1.3722138e+000  1.4756809e-001  4.4475576e-002  2.7592702e-002  3.1908563e-002
  1.0940000e+001  2.9581762e-001  0.0000000e+000  2.9581762e-001  2.3536572e-001  1.4584799e+002  5.5927139e-001  1.2424262e-001  2.8616855e-002  2.2371004e-002  1.2195491e-002
  1.0440000e+001  3.0559740e-001  5.1863083e-005  3.0554554e-001  1.7714366e-001  8.5347520e+001  6.7773875e-001  1.0555446e-001  2.3690862e-002  1.7379564e-002  1.0487062e-002
  9.9400000e+000  3.4527845e-001  4.1907405e-002  3.0337105e-001  9.4786734e-002  2.7609249e+001  6.2126344e-004  8.1498611e-002  2.2578904e-002  1.2151775e-002  1.5883972e-002
  9.4400000e+000  2.3000677e-001  6.1378727e-002  1.6862805e-001  4.9888147e-002  5.0947794e+000  1.7625826e-005  2.6425244e-002  5.2653596e-003  2.3790154e-003  1.8975625e-003
  8.9400000e+000  2.9150289e-001  2.1604653e-001  7.5456353e-002  1.8974774e-002  9.3408434e-001  7.3508494e-007  2.5187622e-002  4.4229725e-003  2.9820264e-003  7.1081560e-004
  8.4400000e+000  1.1686928e-001  7.4028532e-002  4.2840750e-002  1.8106215e-002  3.4099320e-001  5.2133453e-008  4.1742146e-003  6.8248845e-004  3.3371155e-004  5.2261273e-005
