  2.0100000e+001  3.5329824e-001  1.1611770e-001  2.3718055e-001  1.1294316e-001  4.0109879e+001  5.4246706e-005  1.1974881e-001  3.2798338e-002  2.2885660e-002  1.9098352e-002
  1.9600000e+001  3.4285719e-001  9.4303540e-002  2.4855365e-001  1.0604124e-001  3.4312538e+001  8.0106339e-005  1.1248485e-001  3.5561641e-002  2.1282426e-002  2.6734292e-002
  1.9100000e+001  3.2507375e-001  3.1165978e-004  3.2476209e-001  3.3320510e-001  3.2121453e+002  8.9593780e-001  1.6144620e-001  5.6512928e-002  3.2379758e-002  4.6688335e-002
  1.8600000e+001  3.5403959e-001  9.3983547e-002  2.6005604e-001  1.0829116e-001  3.6951139e+001  1.0038452e-004  1.2649954e-001  3.1632612e-002  2.3936858e-002  1.5717789e-002
  1.8100000e+001  2.7318775e-001  1.3806007e-003  2.7180715e-001  1.5305888e-001  5.6959776e+001  1.1817912e-001  8.2637625e-002  2.5738486e-002  1.3350625e-002  2.0936359e-002
  1.7600000e+001  3.6002246e-001  1.0432650e-001  2.5569596e-001  8.0265168e-002  2.0643049e+001  8.4220020e-005  1.0017797e-001  2.7020774e-002  1.7883879e-002  1.5950250e-002
  1.7100000e+001  2.5566276e-001  3.5484906e-002  2.2017786e-001  2.6941842e-001  1.6516274e+002  1.3717137e-004  1.2731950e-001  3.6826945e-002  2.5883525e-002  2.2690049e-002
  1.6600000e+001  3.2012152e-001  2.4481212e-002  2.9564031e-001  2.5109810e-001  1.7963532e+002  1.2760724e-003  1.5344064e-001  4.1066360e-002  3.0143551e-002  2.2834977e-002
  1.6100000e+001  3.6613485e-001  4.7200665e-002  3.1893418e-001  2.3709632e-001  1.8318112e+002  6.8446877e-004  1.7665622e-001  5.4989565e-002  3.6023908e-002  3.8217767e-002
  1.5600000e+001  3.3733146e-001  0.0000000e+000  3.3733146e-001  4.1841484e-001  5.2560684e+002  1.2297574e+000  1.9170887e-001  5.5122486e-002  3.9076659e-002  3.3927721e-002
  1.5100000e+001  3.2801550e-001  1.4247894e-003  3.2659071e-001  3.7256680e-001  4.0522168e+002  3.4010837e-001  1.7612831e-001  5.2017333e-002  3.5500395e-002  3.3762014e-002
  1.4600000e+001  3.2624634e-001  2.3916865e-002  3.0232948e-001  2.6482783e-001  2.0363992e+002  1.5081860e-003  1.5950448e-001  4.2808301e-002  3.1479841e-002  2.3835978e-002
  1.4100000e+001  3.1512373e-001  5.7520889e-004  3.1454853e-001  3.4784300e-001  3.3934204e+002  6.1184872e-001  1.6295232e-001  4.7407880e-002  3.2353064e-002  3.0595126e-002
  1.3600000e+001  3.7562785e-001  2.1144849e-002  3.5448300e-001  1.9991369e-001  1.3360812e+002  4.6593028e-003  1.5270436e-001  4.0824784e-002  2.8501946e-002  2.3308821e-002
  1.3100000e+001  3.4002457e-001  7.1902912e-002  2.6812166e-001  1.3227424e-001  5.2948155e+001  1.5509807e-004  1.1779795e-001  2.7738842e-002  2.1258993e-002  1.2369639e-002
  1.2600000e+001  3.4606451e-001  6.3210510e-003  3.3974346e-001  2.9843275e-001  2.7430899e+002  3.3736082e-002  1.6830349e-001  4.3244204e-002  3.2433078e-002  2.2488637e-002
  1.2100000e+001  3.6602395e-001  5.2508329e-003  3.6077312e-001  2.4664540e-001  1.9817348e+002  6.8242603e-002  1.6014367e-001  4.6926651e-002  3.0641874e-002  3.0921801e-002
  1.1600000e+001  3.5308207e-001  3.7030727e-003  3.4937900e-001  2.8257086e-001  2.5091141e+002  1.0761699e-001  1.6681467e-001  4.1285422e-002  3.1642259e-002  2.0177144e-002
  1.1100000e+001  3.8806642e-001  1.1377649e-001  2.7428992e-001  1.0511247e-001  3.8159661e+001  1.0999773e-004  1.3906578e-001  3.3927341e-002  2.6344455e-002  1.5848945e-002
  1.0600000e+001  3.1637531e-001  3.3230736e-002  2.8314457e-001  1.8553739e-001  9.6929388e+001  6.0650187e-004  1.2369416e-001  2.9485006e-002  2.2557174e-002  1.3379930e-002
  1.0100000e+001  3.1062250e-001  1.7194514e-002  2.9342798e-001  1.7584091e-001  8.5479650e+001  2.2551051e-003  1.1294290e-001  2.4084623e-002  1.9215698e-002  8.4329347e-003
  9.6000000e+000  2.7272075e-001  8.7268159e-003  2.6399394e-001  1.1371936e-001  3.1388965e+001  4.1702485e-003  6.7584611e-002  1.6569841e-002  9.6641575e-003  9.6823971e-003
  9.1000000e+000  2.8245576e-001  1.3517547e-001  1.4728029e-001  4.0787898e-002  4.1821837e+000  6.3059401e-006  4.0811105e-002  7.3241121e-003  5.1264846e-003  1.3433944e-003
  8.6000000e+000  2.8339484e-001  2.5304566e-001  3.0349182e-002  1.5640388e-002  6.1698839e-001  7.7434684e-008  1.8676739e-002  8.4817455e-003  2.8663292e-003  8.9103427e-003
  8.1000000e+000  1.6143552e-001  1.3566110e-001  2.5774422e-002  1.2026155e-002  2.0779865e-001  2.0460601e-008  7.3706793e-003  1.4727172e-003  6.7633472e-004  5.0542859e-004
