  1.0120000e+001  1.5346775e-001  6.6211398e-002  8.7256350e-002  4.2541718e-002  2.4719358e+000  8.0385254e-007  2.9563038e-002  5.6198094e-003  4.4230898e-003  1.3769620e-003
  9.6200000e+000  3.3598705e-001  2.1510312e-002  3.1447673e-001  1.7547478e-001  9.2075045e+001  2.2683733e-003  1.2367842e-001  3.0148499e-002  2.2077385e-002  1.4530503e-002
  9.1200000e+000  3.3872386e-001  3.2794633e-002  3.0592923e-001  2.2060989e-001  1.4671880e+002  9.5520000e-004  1.4636891e-001  3.4873196e-002  2.7345699e-002  1.5712326e-002
  8.6200000e+000  3.3730692e-001  1.1988469e-002  3.2531845e-001  2.1299789e-001  1.3619647e+002  7.9005635e-003  1.3881449e-001  3.1820638e-002  2.5025519e-002  1.3354561e-002
  8.1200000e+000  3.4230530e-001  1.9433756e-002  3.2287155e-001  2.2266654e-001  1.5104751e+002  3.1545001e-003  1.4505477e-001  3.5323091e-002  2.6920245e-002  1.6728284e-002
  7.6200000e+000  3.3100213e-001  4.0678141e-002  2.9032399e-001  1.1893235e-001  4.1669742e+001  5.1001486e-004  9.4358048e-002  1.9643964e-002  1.5015650e-002  6.5288173e-003
  7.1200000e+000  3.1058017e-001  1.0586721e-001  2.0471297e-001  4.8590785e-002  6.5263681e+000  2.9033697e-005  4.0230317e-002  6.7869465e-003  3.8033103e-003  7.7454193e-004
  6.6200000e+000  3.1202789e-001  1.1764424e-001  1.9438365e-001  4.0955280e-002  4.6580401e+000  2.1597266e-005  4.2071808e-002  7.9383099e-003  4.7993531e-003  2.2289470e-003
  6.1200000e+000  3.3588314e-001  1.3186038e-001  2.0402276e-001  4.1530407e-002  5.1559724e+000  2.5429322e-005  5.0958419e-002  1.2135950e-002  6.7704235e-003  6.7088880e-003
  5.6200000e+000  2.8921918e-001  1.0504518e-001  1.8417400e-001  5.1873686e-002  6.9264596e+000  1.7949478e-005  4.6218485e-002  8.5143849e-003  5.8639002e-003  1.7907667e-003
  5.1200000e+000  1.9071525e-001  6.0111555e-002  1.3060370e-001  5.2798066e-002  4.7316374e+000  5.2106860e-006  2.8494626e-002  5.6484402e-003  3.2966961e-003  1.9532354e-003
  4.6200000e+000  1.8976389e-001  1.0288868e-001  8.6875216e-002  3.9147573e-002  2.5882920e+000  7.7152198e-007  2.7841446e-002  8.8731790e-003  4.4353238e-003  6.6053886e-003
  4.1200000e+000  2.4437438e-001  1.0576288e-001  1.3861150e-001  5.1329995e-002  5.7304420e+000  5.1120401e-006  3.9079583e-002  8.0984604e-003  5.3795190e-003  2.5652630e-003
  3.6200000e+000  2.6291723e-001  1.0484709e-001  1.5807014e-001  6.2515873e-002  9.1451250e+000  9.0636254e-006  5.6417045e-002  1.3231402e-002  9.2298887e-003  5.8590487e-003
  3.1200000e+000  1.4835778e-001  2.9437909e-002  1.1891987e-001  1.8175880e-001  4.3620556e+001  6.5904298e-006  6.0742447e-002  1.5886416e-002  1.1726566e-002  8.4767506e-003
  2.6200000e+000  6.7754568e-002  1.0152192e-002  5.7602376e-002  1.3619920e-001  1.1186075e+001  5.6079024e-007  2.0376937e-002  1.0300662e-002  3.8702442e-003  1.1631831e-002
