  1.0080000e+001  1.4373321e-001  1.4332612e-001  4.0708997e-004  7.0582713e-003  6.3729985e-002  2.8735307e-012  3.3380665e-004  5.4327086e-005  4.1038973e-004  6.5176305e-005
  9.5800000e+000  3.2772649e-001  6.8517462e-002  2.5920902e-001  1.1587306e-001  3.9162147e+001  1.3776210e-004  1.1312506e-001  3.1737082e-002  2.1177488e-002  1.9837811e-002
  9.0800000e+000  3.5061314e-001  2.0587925e-002  3.3002522e-001  2.0579081e-001  1.3215091e+002  3.2332320e-003  1.4155431e-001  3.3010720e-002  2.5630067e-002  1.4323695e-002
  8.5800000e+000  3.3553008e-001  2.2466387e-002  3.1306369e-001  1.6452975e-001  8.0837024e+001  2.0499513e-003  1.2238083e-001  2.7334427e-002  2.1370013e-002  1.0872716e-002
  8.0800000e+000  3.1920208e-001  2.8526608e-002  2.9067547e-001  1.5365979e-001  6.7077399e+001  8.9851308e-004  1.1183883e-001  2.4376821e-002  1.9220406e-002  9.1292903e-003
  7.5800000e+000  3.1388703e-001  3.1565988e-002  2.8232104e-001  1.4608236e-001  5.9615468e+001  6.4741679e-004  1.0244611e-001  2.1032356e-002  1.6758234e-002  6.6407562e-003
  7.0800000e+000  2.6841336e-001  1.0035140e-001  1.6806195e-001  6.2226674e-002  9.2501188e+000  1.2149088e-005  5.3826159e-002  1.0892378e-002  8.0268312e-003  3.2773125e-003
  6.5800000e+000  2.4166211e-001  1.0215870e-001  1.3950341e-001  3.6078482e-002  2.7995942e+000  5.3074994e-006  2.8520814e-002  4.8397898e-003  2.7931444e-003  5.8625666e-004
  6.0800000e+000  2.6993155e-001  1.2402373e-001  1.4590782e-001  5.1676345e-002  6.4154516e+000  6.1321442e-006  5.8675406e-002  1.3764863e-002  9.9911643e-003  6.1794640e-003
  5.5800000e+000  2.2186980e-001  2.0996578e-004  2.2165983e-001  3.0820608e-001  1.8757311e+002  9.5171963e-002  1.0631567e-001  3.5494746e-002  2.0979478e-002  2.8047550e-002
  5.0800000e+000  2.7837436e-001  4.7038771e-002  2.3133559e-001  1.7219833e-001  7.3464431e+001  1.2116356e-004  1.0800696e-001  3.3423386e-002  2.0715618e-002  2.4216479e-002
  4.5800000e+000  2.5794081e-001  1.4148864e-001  1.1645217e-001  3.6477857e-002  3.0547009e+000  2.5025859e-006  2.9563141e-002  9.3305265e-003  3.8361478e-003  7.3638428e-003
  4.0800000e+000  2.3171995e-001  1.3535255e-001  9.6367394e-002  2.8298773e-002  1.6515382e+000  1.2196513e-006  2.1205091e-002  7.0246904e-003  2.5581653e-003  6.1369703e-003
  3.5800000e+000  3.2705604e-001  2.0353152e-001  1.2352453e-001  2.4377976e-002  1.7298461e+000  3.5172211e-006  2.8826614e-002  4.9327959e-003  2.7629130e-003  6.1825314e-004
  3.0800000e+000  6.2034073e-002  3.8560883e-002  2.3473190e-002  2.2563242e-002  2.8107571e-001  4.5767573e-009  8.3421623e-003  1.5356201e-003  1.1999489e-003  3.2833630e-004
