  2.0700000e+001  2.2199725e-001  1.7246507e-001  4.9532179e-002  1.5331858e-002  4.6443740e-001  1.6719633e-007  1.4551731e-002  2.5009026e-003  1.0587892e-003  2.5828590e-004
  2.0200000e+001  2.8771071e-001  9.9559392e-002  1.8815132e-001  7.4953509e-002  1.4385666e+001  2.0422494e-005  7.6542331e-002  1.7304837e-002  1.3169189e-002  6.8877318e-003
  1.9700000e+001  3.5557666e-001  6.5002043e-002  2.9057461e-001  1.8941103e-001  1.1353605e+002  2.6654461e-004  1.5085073e-001  5.7769030e-002  3.0610106e-002  5.2334641e-002
  1.9200000e+001  2.9566090e-001  1.5911967e-003  2.9406970e-001  2.3435456e-001  1.4452092e+002  1.5615117e-001  1.2187568e-001  3.9031321e-002  2.2771300e-002  3.0296248e-002
  1.8700000e+001  3.0468110e-001  1.1888870e-002  2.9279223e-001  1.7593669e-001  8.3936016e+001  4.3314830e-003  1.1021549e-001  2.5331870e-002  1.9196775e-002  1.0764909e-002
  1.8200000e+001  2.6347772e-001  9.8968374e-003  2.5358088e-001  1.2256252e-001  3.5224859e+001  2.6138620e-003  6.9222620e-002  1.9303818e-002  1.0445516e-002  1.3829106e-002
  1.7700000e+001  3.1404952e-001  5.0050695e-002  2.6399883e-001  1.2902225e-001  4.6528317e+001  2.2577787e-004  9.8978817e-002  2.0955809e-002  1.6505662e-002  7.1876502e-003
  1.7200000e+001  2.5653712e-001  2.6944437e-002  2.2959269e-001  1.3834134e-001  4.3696249e+001  2.6209536e-004  8.3151289e-002  2.8026380e-002  1.4699241e-002  2.3925895e-002
  1.6700000e+001  3.2883503e-001  8.0073521e-002  2.4876151e-001  1.0079832e-001  2.9735459e+001  9.4169757e-005  1.0726450e-001  2.4820865e-002  1.9255054e-002  1.0623382e-002
  1.6200000e+001  3.0543648e-001  5.3479075e-002  2.5195740e-001  1.1160313e-001  3.3858185e+001  1.6117461e-004  8.6761172e-002  2.4573657e-002  1.5002523e-002  1.5749706e-002
  1.5700000e+001  3.6350197e-001  9.3564533e-002  2.6993743e-001  5.4773592e-002  9.7059759e+000  1.2127172e-004  6.3675548e-002  1.1046144e-002  7.5284797e-003  1.6800577e-003
  1.5200000e+001  2.8414629e-001  1.1042580e-002  2.7310371e-001  8.9891642e-002  2.0434811e+001  3.3007559e-003  5.5205925e-002  9.4089322e-003  5.9864551e-003  1.2399010e-003
  1.4700000e+001  3.6366303e-001  8.8277134e-002  2.7538590e-001  6.0680620e-002  1.1917611e+001  1.4203855e-004  6.3165803e-002  1.1217118e-002  7.5085763e-003  1.9167816e-003
  1.4200000e+001  3.0276361e-001  2.9209812e-002  2.7355379e-001  1.2711477e-001  4.3539725e+001  6.1434497e-004  8.9639061e-002  2.2359769e-002  1.4899105e-002  1.1780314e-002
  1.3700000e+001  3.5453868e-001  8.4830217e-002  2.6970846e-001  9.1367305e-002  2.6341182e+001  1.3327863e-004  9.2796547e-002  1.9012196e-002  1.4771290e-002  5.9587982e-003
  1.3200000e+001  3.7981114e-001  6.2911427e-002  3.1689971e-001  9.3908147e-002  2.9810156e+001  4.4057929e-004  9.9049675e-002  3.4325251e-002  1.6448288e-002  3.0566809e-002
  1.2700000e+001  3.2262902e-001  1.0330372e-001  2.1932530e-001  7.0064671e-002  1.4095861e+001  4.0756506e-005  6.5861195e-002  1.3190794e-002  9.5091091e-003  3.7572529e-003
  1.2200000e+001  3.1735053e-001  7.6782345e-002  2.4056819e-001  5.7321778e-002  9.2804395e+000  8.3083594e-005  4.3744605e-002  9.7299012e-003  4.5313032e-003  4.7638500e-003
  1.1700000e+001  3.1266464e-001  3.2661791e-002  2.8000284e-001  7.1881319e-002  1.4378078e+001  5.8564092e-004  5.1000941e-002  1.3164492e-002  5.8723286e-003  8.6208759e-003
  1.1200000e+001  2.8513923e-001  1.0146032e-001  1.8367891e-001  5.1150759e-002  6.6397412e+000  1.8079658e-005  3.8726366e-002  1.3450442e-002  5.0568782e-003  1.2216590e-002
  1.0700000e+001  3.8256629e-001  2.5843759e-001  1.2412869e-001  2.2191495e-002  1.6767558e+000  4.1241235e-006  2.4998530e-002  4.1641189e-003  1.3801461e-003  2.8038717e-004
  1.0200000e+001  2.6127645e-001  1.8254488e-001  7.8731573e-002  2.7927432e-002  1.8136450e+000  7.2347740e-007  2.0997614e-002  7.8626989e-003  2.9773898e-003  7.6344347e-003
  9.7000000e+000  2.7160610e-001  1.9381904e-001  7.7787059e-002  1.2898066e-002  4.0214130e-001  7.3155453e-007  9.9800183e-003  1.6448932e-003  8.1744204e-004  1.1978211e-004
