  2.0520000e+001  5.0624116e-001  4.6852025e-001  4.8059561e-003  8.5383736e-003  3.2847156e-001  5.0354285e-009  1.8220768e-003  2.9773680e-004  2.0446543e-003  3.2685307e-004
  2.0062700e+001  3.9869219e-001  2.4464947e-001  1.4566969e-001  3.2180218e-002  3.6745630e+000  6.9894443e-006  6.6988758e-002  1.5576884e-002  1.1356314e-002  6.5778935e-003
  1.9605400e+001  3.5825754e-001  3.9385453e-002  3.1887209e-001  2.5938982e-001  2.1453157e+002  9.0061915e-004  1.7324645e-001  4.9405997e-002  3.4583120e-002  3.0377995e-002
  1.9148100e+001  3.2751150e-001  3.0355336e-002  2.9715617e-001  3.0140619e-001  2.6480178e+002  9.1920619e-004  1.6702213e-001  5.0979620e-002  3.4065168e-002  3.4242871e-002
  1.8690800e+001  3.1834944e-001  1.0057141e-002  3.0829230e-001  4.0299374e-001  4.6014075e+002  7.9762426e-003  1.7981224e-001  5.5497211e-002  3.7118789e-002  3.7835487e-002
  1.8233500e+001  2.7110897e-001  2.4830935e-004  2.7086066e-001  3.7028460e-001  3.3083024e+002  3.1157408e-001  1.4386183e-001  4.7687874e-002  2.9311515e-002  3.6167325e-002
  1.7776200e+001  2.8358940e-001  2.9078619e-002  2.5451078e-001  2.0146640e-001  1.0244370e+002  4.1303788e-004  1.1730168e-001  3.0150641e-002  2.2098581e-002  1.5712914e-002
  1.7318900e+001  3.6691299e-001  1.1929016e-001  2.3189233e-001  6.5166103e-002  1.3867449e+001  4.4614827e-005  9.9169012e-002  2.4402973e-002  1.7844974e-002  1.1770706e-002
  1.6861600e+001  2.5780569e-001  1.2855056e-002  2.4495064e-001  1.9036281e-001  8.3147027e+001  1.3305693e-003  9.8302431e-002  3.0111029e-002  1.8241943e-002  2.1502912e-002
  1.6404300e+001  3.4765946e-001  1.7057598e-001  1.5941105e-001  3.0478396e-002  2.8742747e+000  8.7429203e-006  5.0223563e-002  1.3316411e-002  7.8306428e-003  7.6197512e-003
  1.5947000e+001  3.4143732e-001  1.4585396e-001  1.6788719e-001  2.7510621e-002  2.2998620e+000  1.0614345e-005  4.7257666e-002  1.2601162e-002  6.8360789e-003  8.2370879e-003
  1.5489700e+001  3.4406478e-001  6.5492366e-002  2.7464771e-001  9.5341656e-002  2.7835280e+001  1.8304953e-004  9.2569141e-002  2.3467978e-002  1.5135601e-002  1.3585928e-002
  1.5032400e+001  3.2116667e-001  1.1421579e-001  2.0002114e-001  5.9479655e-002  1.0112473e+001  2.4205145e-005  7.6114502e-002  1.7827807e-002  1.2908308e-002  7.8505803e-003
  1.4575100e+001  3.5421490e-001  1.2269890e-001  2.3151601e-001  8.6260807e-002  2.3457616e+001  4.6773255e-005  1.0119145e-001  2.2112402e-002  1.7483077e-002  8.1861327e-003
  1.4117800e+001  3.9502524e-001  2.6975260e-001  1.1061926e-001  1.8448025e-002  1.1965052e+000  3.0743723e-006  2.8017855e-002  8.9691200e-003  3.1485808e-003  7.4598069e-003
  1.3660500e+001  4.8490108e-001  2.6615746e-001  2.0775166e-001  3.4483375e-002  5.1317169e+000  2.5926648e-005  8.3092972e-002  2.1038433e-002  1.3963248e-002  1.0931327e-002
  1.3203200e+001  4.0819173e-001  1.2379682e-001  2.8439491e-001  1.0031288e-001  3.6556753e+001  1.2227327e-004  1.2478372e-001  2.9324982e-002  2.2251646e-002  1.2853600e-002
  1.2745900e+001  4.3736161e-001  8.3590579e-002  3.4660181e-001  1.1195580e-001  4.8789215e+001  4.4531048e-004  1.4476071e-001  3.6306121e-002  2.6175877e-002  1.8493675e-002
  1.2288600e+001  3.9601618e-001  7.4805648e-002  3.2107899e-001  1.5413329e-001  8.3732840e+001  3.7677468e-004  1.5234171e-001  3.8987746e-002  2.8658381e-002  2.0269433e-002
  1.1831300e+001  3.6875921e-001  4.6658269e-002  3.2201392e-001  1.5789846e-001  8.1825497e+001  7.3202329e-004  1.3635209e-001  3.2899473e-002  2.4637441e-002  1.5464003e-002
  1.1374000e+001  3.7186185e-001  3.8648331e-002  3.2443322e-001  1.3651921e-001  6.1682102e+001  7.4641694e-004  1.3262810e-001  3.3660916e-002  2.4008583e-002  1.7747943e-002
  1.0916700e+001  3.9129589e-001  9.6332644e-002  2.9496325e-001  1.3048358e-001  5.9293490e+001  1.8341786e-004  1.3817996e-001  3.2312415e-002  2.5191180e-002  1.3982940e-002
  1.0459400e+001  3.8991539e-001  6.7116566e-002  3.2270953e-001  1.2178764e-001  5.1471501e+001  4.4470600e-004  1.2362557e-001  2.6901514e-002  2.0982560e-002  9.9479779e-003
  1.0002100e+001  3.7984213e-001  6.6342921e-002  3.1349921e-001  1.1473535e-001  4.4502831e+001  3.8786088e-004  1.1307751e-001  2.4075896e-002  1.8664946e-002  8.4314957e-003
  9.5448000e+000  3.3524861e-001  1.5443609e-001  1.7345717e-001  3.6191850e-002  3.9082159e+000  1.2117224e-005  4.7819049e-002  1.1701537e-002  6.5019556e-003  6.7302508e-003
  9.0875000e+000  3.9008532e-001  2.3744106e-001  1.4316706e-001  2.3045699e-002  1.8438662e+000  6.4966498e-006  2.9227586e-002  7.1680518e-003  2.6323663e-003  4.1920441e-003
  8.6302000e+000  3.7718880e-001  2.3845571e-001  1.3873310e-001  2.7771513e-002  2.5890945e+000  5.7180854e-006  3.2233071e-002  9.8102031e-003  3.4724684e-003  7.8065463e-003
  8.1729000e+000  4.4971808e-001  3.3670744e-001  1.0510733e-001  1.8927711e-002  1.4339253e+000  3.1757366e-006  2.8084093e-002  8.8474354e-003  2.8820741e-003  7.0617865e-003
  7.7156000e+000  4.2840513e-001  2.9389459e-001  1.3448816e-001  2.4820143e-002  2.3488388e+000  5.8858721e-006  3.4149371e-002  6.8474329e-003  3.4880978e-003  1.8599544e-003
  7.2583000e+000  4.3348749e-001  2.9855613e-001  1.3368061e-001  2.3996529e-002  2.2215875e+000  5.8591349e-006  3.6171795e-002  7.7720101e-003  4.1040485e-003  2.6851978e-003
  6.8010000e+000  4.0879443e-001  1.1657634e-001  2.8318880e-001  9.1148575e-002  3.0226979e+001  1.1846899e-004  1.2896615e-001  3.2931498e-002  2.3805230e-002  1.7175884e-002
  6.3437000e+000  4.3793200e-001  3.0518308e-002  3.9563052e-001  1.8566378e-001  1.3435415e+002  2.6836808e-003  1.8401491e-001  5.1460092e-002  3.5421359e-002  3.1114133e-002
  5.8864000e+000  4.1482135e-001  1.4805707e-002  4.0001564e-001  2.4053390e-001  2.1360120e+002  1.7957328e-002  1.8227595e-001  5.0075949e-002  3.4796544e-002  2.9461560e-002
  5.4291000e+000  4.7157932e-001  9.7745153e-002  3.3877568e-001  6.8684677e-002  1.9799968e+001  2.6858220e-004  1.3362465e-001  3.0918773e-002  2.3394198e-002  1.3346551e-002
  4.9718000e+000  4.0836688e-001  2.3996250e-001  1.6837813e-001  3.8791199e-002  5.4689874e+000  1.1425166e-005  6.6919197e-002  1.4698030e-002  1.0569923e-002  5.4703380e-003
  4.5145000e+000  4.6674354e-001  1.7099201e-001  2.8618567e-001  7.9183407e-002  2.6045739e+001  9.9504152e-005  1.4360345e-001  4.1081791e-002  2.7483944e-002  2.5922566e-002
  4.0572000e+000  4.1075322e-001  4.2048240e-002  3.5162999e-001  1.9832910e-001  1.4379503e+002  8.4010518e-004  1.9239162e-001  5.3799228e-002  3.8551407e-002  3.1948224e-002
  3.5999000e+000  4.0541498e-001  1.1547315e-001  2.8601998e-001  1.0763134e-001  4.1799131e+001  1.2938011e-004  1.3763627e-001  3.8668284e-002  2.6319162e-002  2.3423558e-002
  3.1426000e+000  4.1351476e-001  9.2060743e-002  3.2144840e-001  1.4084022e-001  7.3001937e+001  2.9744851e-004  1.5169959e-001  4.0466172e-002  2.8705744e-002  2.2491823e-002
  2.6853000e+000  4.0733911e-001  1.7651593e-001  2.2254364e-001  4.6468802e-002  7.8283289e+000  3.3322518e-005  7.9738219e-002  1.7384475e-002  1.2746741e-002  6.4768367e-003
