   1.0650000e+01   2.9202726e-02   3.1028004e-01   1.9720000e-05   2.8926256e-02   7.3411676e-03   3.0901099e-03   4.6110074e-03
   1.1650000e+01   6.2166542e-02   3.0972472e-01   5.9160000e-05   4.6687979e-02   7.8480761e-03   4.7208299e-03   9.1342829e-04
   1.2650000e+01   4.8924171e-02   2.8594042e-01   9.6280000e-05   3.0150545e-02   4.9399833e-03   2.2267214e-03   3.6888421e-04
   1.3650000e+01   1.3518923e-01   3.2254053e-01   7.8996000e-04   9.4492334e-02   1.8355998e-02   1.4281860e-02   4.8461122e-03
   1.4650000e+01   1.1482167e-01   3.2327056e-01   1.1182400e-03   9.1617730e-02   2.1324204e-02   1.5086167e-02   9.5414704e-03
   1.5650000e+01   1.1621681e-01   2.6901773e-01   8.0040000e-05   6.4898845e-02   1.1327357e-02   8.1595014e-03   1.8446331e-03
   1.6650000e+01   7.6612592e-02   3.8775082e-01   1.3920000e-04   1.0660404e-01   2.1755961e-02   1.7717665e-02   6.7179130e-03
   1.7650000e+01   1.3103438e-01   3.1714360e-01   7.6560000e-04   9.2477882e-02   2.0038029e-02   1.4568963e-02   7.4862824e-03
   1.8650000e+01   1.5516506e-01   3.3314281e-01   1.3444400e-03   1.0967864e-01   2.5133668e-02   1.8353472e-02   1.0823986e-02
   1.9150000e+01   1.5650382e-01   3.5288715e-01   4.6168000e-04   1.2197842e-01   2.8011711e-02   2.1181599e-02   1.1750317e-02
