   5.0800000e+00   1.7219833e-01   2.7837436e-01   2.9000000e-03   1.0800696e-01   3.3423386e-02   2.0715618e-02   2.4216479e-02
   5.5800000e+00   3.0820608e-01   2.2186980e-01   9.7440000e-04   1.0631567e-01   3.5494746e-02   2.0979478e-02   2.8047550e-02
   6.0800000e+00   5.1676345e-02   2.6993155e-01   5.8000000e-04   5.8675406e-02   1.3764863e-02   9.9911643e-03   6.1794640e-03
   6.5800000e+00   3.6078482e-02   2.4166211e-01   5.8000000e-05   2.8520814e-02   4.8397898e-03   2.7931444e-03   5.8625666e-04
   7.5800000e+00   1.4608236e-01   3.1388703e-01   7.1920000e-04   1.0244611e-01   2.1032356e-02   1.6758234e-02   6.6407562e-03
   8.0800000e+00   1.5365979e-01   3.1920208e-01   3.9440000e-04   1.1183883e-01   2.4376821e-02   1.9220406e-02   9.1292903e-03
   8.5800000e+00   1.6452975e-01   3.3553008e-01   3.4800000e-04   1.2238083e-01   2.7334427e-02   2.1370013e-02   1.0872716e-02
   9.0800000e+00   2.0579081e-01   3.5061314e-01   4.8720000e-04   1.4155431e-01   3.3010720e-02   2.5630067e-02   1.4323695e-02
   9.5800000e+00   1.1587306e-01   3.2772649e-01   3.0160000e-04   1.1312506e-01   3.1737082e-02   2.1177488e-02   1.9837811e-02
   4.6500000e+00   3.1363826e-02   2.6549465e-01   1.0440000e-05   3.8213272e-02   8.3727242e-03   5.6222155e-03   3.5141255e-03
   5.1500000e+00   1.4078090e-02   2.6028885e-01   2.0880000e-06   1.6129927e-02   2.7094420e-03   1.3665901e-03   2.7482581e-04
   7.1500000e+00   2.4734943e-02   2.7854226e-01   4.1760000e-07   2.3898999e-02   4.4498929e-03   2.2656712e-03   1.1518418e-03
   7.6500000e+00   5.8874557e-02   3.1210203e-01   1.6936000e-04   6.3212377e-02   1.6067567e-02   9.4437417e-03   9.9573393e-03
   8.1500000e+00   8.6889884e-02   3.2132599e-01   4.0948000e-04   7.2566023e-02   1.3150662e-02   9.7575614e-03   2.6276476e-03
   8.6500000e+00   1.2899225e-01   3.3755384e-01   4.8720000e-04   1.1549176e-01   2.5226546e-02   2.0124487e-02   9.4435438e-03
   9.1500000e+00   1.7593984e-01   3.3094185e-01   4.2688000e-04   1.2154776e-01   2.9453237e-02   2.1635914e-02   1.4088723e-02
   9.6500000e+00   1.7312530e-01   3.0882614e-01   6.5076000e-04   1.2073065e-01   3.0525334e-02   2.2518704e-02   1.5671107e-02
   4.6200000e+00   3.9147573e-02   1.8976389e-01   6.7280000e-04   2.7841446e-02   8.8731790e-03   4.4353238e-03   6.6053886e-03
   5.1200000e+00   5.2798066e-02   1.9071525e-01   6.1480000e-06   2.8494626e-02   5.6484402e-03   3.2966961e-03   1.9532354e-03
   5.6200000e+00   5.1873686e-02   2.8921918e-01   8.4680000e-05   4.6218485e-02   8.5143849e-03   5.8639002e-03   1.7907667e-03
   6.1200000e+00   4.1530407e-02   3.3588314e-01   8.5840000e-05   5.0958419e-02   1.2135950e-02   6.7704235e-03   6.7088880e-03
   6.6200000e+00   4.0955280e-02   3.1202789e-01   8.0040000e-05   4.2071808e-02   7.9383099e-03   4.7993531e-03   2.2289470e-03
   7.1200000e+00   4.8590785e-02   3.1058017e-01   6.1480000e-06   4.0230317e-02   6.7869465e-03   3.8033103e-03   7.7454193e-04
   7.6200000e+00   1.1893235e-01   3.3100213e-01   2.9000000e-04   9.4358048e-02   1.9643964e-02   1.5015650e-02   6.5288173e-03
   8.1200000e+00   2.2266654e-01   3.4230530e-01   1.2528000e-03   1.4505477e-01   3.5323091e-02   2.6920245e-02   1.6728284e-02
   8.6200000e+00   2.1299789e-01   3.3730692e-01   3.3872000e-04   1.3881449e-01   3.1820638e-02   2.5025519e-02   1.3354561e-02
   9.1200000e+00   2.2060989e-01   3.3872386e-01   5.9624000e-04   1.4636891e-01   3.4873196e-02   2.7345699e-02   1.5712326e-02
   9.6200000e+00   1.7547478e-01   3.3598705e-01   5.2200000e-04   1.2367842e-01   3.0148499e-02   2.2077385e-02   1.4530503e-02
   1.0120000e+01   4.2541718e-02   1.5346775e-01   3.5496000e-04   2.9563038e-02   5.6198094e-03   4.4230898e-03   1.3769620e-03
