   2.6853000e+00   4.6468802e-02   4.0733911e-01   3.0947640e-03   7.9738219e-02   1.7384475e-02   1.2746741e-02   6.4768367e-03
   3.1426000e+00   1.4084022e-01   4.1351476e-01   2.6416680e-03   1.5169959e-01   4.0466172e-02   2.8705744e-02   2.2491823e-02
   3.5999000e+00   1.0763134e-01   4.0541498e-01   2.5439960e-03   1.3763627e-01   3.8668284e-02   2.6319162e-02   2.3423558e-02
   4.0572000e+00   1.9832910e-01   4.1075322e-01   9.6372800e-04   1.9239162e-01   5.3799228e-02   3.8551407e-02   3.1948224e-02
   4.5145000e+00   7.9183407e-02   4.6674354e-01   1.6489400e-03   1.4360345e-01   4.1081791e-02   2.7483944e-02   2.5922566e-02
   4.9718000e+00   3.8791199e-02   4.0836688e-01   3.1262000e-04   6.6919197e-02   1.4698030e-02   1.0569923e-02   5.4703380e-03
   5.4291000e+00   6.8684677e-02   4.7157932e-01   7.4402400e-04   1.3362465e-01   3.0918773e-02   2.3394198e-02   1.3346551e-02
   5.8864000e+00   2.4053390e-01   4.1482135e-01   7.5736400e-04   1.8227595e-01   5.0075949e-02   3.4796544e-02   2.9461560e-02
   6.3437000e+00   1.8566378e-01   4.3793200e-01   1.1626680e-03   1.8401491e-01   5.1460092e-02   3.5421359e-02   3.1114133e-02
   6.8010000e+00   9.1148575e-02   4.0879443e-01   6.8440000e-05   1.2896615e-01   3.2931498e-02   2.3805230e-02   1.7175884e-02
   7.2583000e+00   2.3996529e-02   4.3348749e-01   5.3360000e-06   3.6171795e-02   7.7720101e-03   4.1040485e-03   2.6851978e-03
   7.7156000e+00   2.4820143e-02   4.2840513e-01   2.3200000e-07   3.4149371e-02   6.8474329e-03   3.4880978e-03   1.8599544e-03
   1.0002100e+01   1.1473535e-01   3.7984213e-01   2.5999080e-03   1.1307751e-01   2.4075896e-02   1.8664946e-02   8.4314957e-03
   1.0459400e+01   1.2178764e-01   3.8991539e-01   5.5625480e-03   1.2362557e-01   2.6901514e-02   2.0982560e-02   9.9479779e-03
   1.0916700e+01   1.3048358e-01   3.9129589e-01   1.9764080e-03   1.3817996e-01   3.2312415e-02   2.5191180e-02   1.3982940e-02
   1.1374000e+01   1.3651921e-01   3.7186185e-01   4.0402800e-04   1.3262810e-01   3.3660916e-02   2.4008583e-02   1.7747943e-02
   1.1831300e+01   1.5789846e-01   3.6875921e-01   7.0133600e-04   1.3635209e-01   3.2899473e-02   2.4637441e-02   1.5464003e-02
   1.2288600e+01   1.5413329e-01   3.9601618e-01   1.1794880e-03   1.5234171e-01   3.8987746e-02   2.8658381e-02   2.0269433e-02
   1.2745900e+01   1.1195580e-01   4.3736161e-01   1.2154480e-03   1.4476071e-01   3.6306121e-02   2.6175877e-02   1.8493675e-02
   1.3203200e+01   1.0031288e-01   4.0819173e-01   3.3756000e-04   1.2478372e-01   2.9324982e-02   2.2251646e-02   1.2853600e-02
   1.3660500e+01   3.4483375e-02   4.8490108e-01   1.1600000e-07   8.3092972e-02   2.1038433e-02   1.3963248e-02   1.0931327e-02
   1.4117800e+01   1.8448025e-02   3.9502524e-01   1.2412000e-05   2.8017855e-02   8.9691200e-03   3.1485808e-03   7.4598069e-03
   1.4575100e+01   8.6260807e-02   3.5421490e-01   4.1794800e-04   1.0119145e-01   2.2112402e-02   1.7483077e-02   8.1861327e-03
   1.5032400e+01   5.9479655e-02   3.2116667e-01   3.4800000e-06   7.6114502e-02   1.7827807e-02   1.2908308e-02   7.8505803e-03
   1.5489700e+01   9.5341656e-02   3.4406478e-01   2.1983160e-03   9.2569141e-02   2.3467978e-02   1.5135601e-02   1.3585928e-02
   1.5947000e+01   2.7510621e-02   3.4143732e-01   5.0112000e-05   4.7257666e-02   1.2601162e-02   6.8360789e-03   8.2370879e-03
   1.6404300e+01   3.0478396e-02   3.4765946e-01   9.2301200e-04   5.0223563e-02   1.3316411e-02   7.8306428e-03   7.6197512e-03
   1.6861600e+01   1.9036281e-01   2.5780569e-01   7.8207200e-04   9.8302431e-02   3.0111029e-02   1.8241943e-02   2.1502912e-02
   1.7318900e+01   6.5166103e-02   3.6691299e-01   9.6546800e-04   9.9169012e-02   2.4402973e-02   1.7844974e-02   1.1770706e-02
   1.7776200e+01   2.0146640e-01   2.8358940e-01   6.0041600e-04   1.1730168e-01   3.0150641e-02   2.2098581e-02   1.5712914e-02
   1.8233500e+01   3.7028460e-01   2.7110897e-01   1.4046440e-03   1.4386183e-01   4.7687874e-02   2.9311515e-02   3.6167325e-02
   1.8690800e+01   4.0299374e-01   3.1834944e-01   1.2602240e-03   1.7981224e-01   5.5497211e-02   3.7118789e-02   3.7835487e-02
   1.9148100e+01   3.0140619e-01   3.2751150e-01   1.2145200e-03   1.6702213e-01   5.0979620e-02   3.4065168e-02   3.4242871e-02
   1.9605400e+01   2.5938982e-01   3.5825754e-01   1.7152920e-03   1.7324645e-01   4.9405997e-02   3.4583120e-02   3.0377995e-02
   2.0062700e+01   3.2180218e-02   3.9869219e-01   1.4152000e-05   6.6988758e-02   1.5576884e-02   1.1356314e-02   6.5778935e-03
