   1.0600000e+01   1.8553739e-01   3.1637531e-01   4.1064000e-04   1.2369416e-01   2.9485006e-02   2.2557174e-02   1.3379930e-02
   1.1600000e+01   2.8257086e-01   3.5308207e-01   1.4755200e-03   1.6681467e-01   4.1285422e-02   3.1642259e-02   2.0177144e-02
   1.2600000e+01   2.9843275e-01   3.4606451e-01   7.6676000e-04   1.6830349e-01   4.3244204e-02   3.2433078e-02   2.2488637e-02
   1.3600000e+01   1.9991369e-01   3.7562785e-01   7.9924000e-04   1.5270436e-01   4.0824784e-02   2.8501946e-02   2.3308821e-02
   1.4600000e+01   2.6482783e-01   3.2624634e-01   2.8837600e-03   1.5950448e-01   4.2808301e-02   3.1479841e-02   2.3835978e-02
   1.5600000e+01   4.1841484e-01   3.3733146e-01   6.8672000e-04   1.9170887e-01   5.5122486e-02   3.9076659e-02   3.3927721e-02
   1.6100000e+01   2.3709632e-01   3.6613485e-01   6.1016000e-04   1.7665622e-01   5.4989565e-02   3.6023908e-02   3.8217767e-02
   1.7600000e+01   8.0265168e-02   3.6002246e-01   1.5625200e-03   1.0017797e-01   2.7020774e-02   1.7883879e-02   1.5950250e-02
   1.8600000e+01   1.0829116e-01   3.5403959e-01   1.7156400e-03   1.2649954e-01   3.1632612e-02   2.3936858e-02   1.5717789e-02
   1.9600000e+01   1.0604124e-01   3.4285719e-01   1.7724800e-03   1.1248485e-01   3.5561641e-02   2.1282426e-02   2.6734292e-02
