   1.0440000e+01   1.7714366e-01   3.0559740e-01   4.1064000e-04   1.0555446e-01   2.3690862e-02   1.7379564e-02   1.0487062e-02
   1.1440000e+01   2.5176140e-01   3.4406963e-01   1.4755200e-03   1.4756809e-01   4.4475576e-02   2.7592702e-02   3.1908563e-02
   1.2440000e+01   1.4167518e-01   4.0302448e-01   7.6676000e-04   1.5389274e-01   4.9076385e-02   2.9874644e-02   3.6686641e-02
   1.3440000e+01   1.5185383e-01   3.3251429e-01   7.9924000e-04   1.2607779e-01   2.8783730e-02   2.2864514e-02   1.1866200e-02
   1.4440000e+01   2.8839145e-01   3.2049562e-01   2.8837600e-03   1.5268845e-01   4.2081587e-02   2.9607188e-02   2.4694980e-02
   1.5440000e+01   2.8207290e-01   3.4029654e-01   6.8672000e-04   1.6692002e-01   4.9963256e-02   3.3620293e-02   3.2870617e-02
   1.6440000e+01   3.9759912e-01   2.9746846e-01   6.1016000e-04   1.6581430e-01   4.4477381e-02   3.3256939e-02   2.4392609e-02
   1.7440000e+01   1.1506266e-01   3.4714181e-01   1.5625200e-03   1.3474982e-01   3.8692144e-02   2.7032342e-02   2.3920915e-02
   1.8440000e+01   1.3619057e-01   3.3531376e-01   1.7156400e-03   1.2834788e-01   3.5972995e-02   2.4636074e-02   2.2158429e-02
   1.9440000e+01   2.1717098e-01   3.4389429e-01   1.7724800e-03   1.2990002e-01   5.8488388e-02   2.4668550e-02   6.1950121e-02
