   1.0450000e+01   2.3800000e-02   3.0590000e-01   1.9720000e-05   2.4645128e-02   5.7526432e-03   2.2351280e-03   2.4456973e-03
   1.1450000e+01   5.1100000e-02   3.0925000e-01   5.9160000e-05   4.2521238e-02   1.0506284e-02   5.2965792e-03   4.7671521e-03
   1.2450000e+01   4.8350000e-02   3.1175000e-01   9.6280000e-05   3.6316989e-02   9.0653887e-03   5.8679152e-03   2.0630686e-03
   1.3450000e+01   1.1540000e-01   3.4750000e-01   7.8996000e-04   9.6744173e-02   1.8684097e-02   1.4526575e-02   5.4024552e-03
   1.4450000e+01   1.1575000e-01   3.1675000e-01   1.1182400e-03   9.0622995e-02   1.6270661e-02   1.1297372e-02   5.7291260e-03
   1.5450000e+01   9.4700000e-02   2.8640000e-01   8.0040000e-05   5.9856501e-02   1.1186751e-02   7.8439905e-03   1.7623454e-03
   1.6450000e+01   9.2800000e-02   3.4585000e-01   1.3920000e-04   9.6172197e-02   2.3288413e-02   1.8486360e-02   8.6706475e-03
   1.7450000e+01   1.3600000e-01   2.8525000e-01   7.6560000e-04   8.7690679e-02   2.0496919e-02   1.5537313e-02   7.3369663e-03
   1.8450000e+01   1.2800000e-01   3.0435000e-01   1.3444400e-03   8.7133478e-02   2.5232769e-02   1.8775123e-02   1.0794448e-02
   1.9350000e+01   1.6535000e-01   3.2675000e-01   4.6168000e-04   1.1485543e-01   3.3521516e-02   2.1976450e-02   2.1023283e-02
   1.0600000e+01   1.8233333e-01   3.1393333e-01   4.1064000e-04   1.1761809e-01   2.8073061e-02   2.1143869e-02   1.3071075e-02
   1.1600000e+01   2.9780000e-01   3.5023333e-01   1.4755200e-03   1.6206622e-01   4.2865751e-02   3.0915601e-02   2.4213706e-02
   1.2600000e+01   2.7506667e-01   3.3740000e-01   7.6676000e-04   1.4946417e-01   4.0824112e-02   2.8473854e-02   2.4154935e-02
   1.3600000e+01   2.2626667e-01   3.5516667e-01   7.9924000e-04   1.4025369e-01   3.4860334e-02   2.6030951e-02   1.7214770e-02
   1.4600000e+01   3.0486667e-01   3.1500000e-01   2.8837600e-03   1.5593181e-01   4.2758205e-02   3.0701394e-02   2.4772215e-02
   1.5600000e+01   3.9543333e-01   3.4353333e-01   6.8672000e-04   1.8031544e-01   5.0826750e-02   3.6256825e-02   3.0464058e-02
   1.6300000e+01   2.9436667e-01   3.4950000e-01   6.1016000e-04   1.7247374e-01   5.1254225e-02   3.5106043e-02   3.3321545e-02
   1.7600000e+01   7.7233333e-02   3.3973333e-01   1.5625200e-03   1.0302774e-01   3.1638770e-02   1.9847594e-02   2.2173580e-02
   1.8600000e+01   1.1890000e-01   3.3026667e-01   1.7156400e-03   1.1464219e-01   3.6529224e-02   2.2083612e-02   2.7489655e-02
   1.9400000e+01   1.2780000e-01   3.4886667e-01   1.7724800e-03   1.3172248e-01   4.5213968e-02   2.4811762e-02   3.8094938e-02
