  2.0180000e+001  2.9757446e-001  3.9288857e-002  2.5828560e-001  2.4229925e-001  1.5548547e+002  2.8264500e-004  1.4197298e-001  4.0354307e-002  2.8506907e-002  2.4421066e-002
  1.9680000e+001  3.9062586e-001  1.1033590e-001  2.8028997e-001  1.4073212e-001  6.8855309e+001  1.2539151e-004  1.5641383e-001  5.2990873e-002  3.1857049e-002  4.1394883e-002
  1.9180000e+001  3.5727774e-001  6.8271313e-002  2.8900643e-001  1.7869798e-001  1.0153956e+002  2.4363942e-004  1.4524079e-001  4.1591874e-002  2.8484311e-002  2.5600402e-002
  1.8680000e+001  2.7184958e-001  3.7979199e-002  2.3387038e-001  1.6364292e-001  6.4790764e+001  1.7272330e-004  9.2801818e-002  4.1982066e-002  1.7677905e-002  4.4592746e-002
  1.8180000e+001  4.0145646e-001  1.4873896e-001  2.5271751e-001  7.0443574e-002  1.7730101e+001  6.2579743e-005  1.1851703e-001  2.7512492e-002  2.1610271e-002  1.1704228e-002
  1.7680000e+001  2.9523091e-001  9.5005030e-002  2.0022588e-001  8.1758366e-002  1.7563709e+001  2.8159491e-005  8.1014373e-002  2.9203393e-002  1.4626562e-002  2.6649575e-002
  1.7180000e+001  2.3403633e-001  0.0000000e+000  2.3403633e-001  3.9075249e-001  3.1803637e+002  1.3714441e-001  1.2923025e-001  3.4951063e-002  2.5883263e-002  1.9504609e-002
  1.6680000e+001  2.8543576e-001  8.2020004e-003  2.7723376e-001  3.5007310e-001  3.1132634e+002  6.2367210e-003  1.4977923e-001  4.7667883e-002  3.0476847e-002  3.4354935e-002
  1.6180000e+001  3.1366335e-001  7.3853687e-003  3.0627798e-001  3.9825914e-001  4.4277722e+002  1.3643646e-002  1.7515295e-001  5.4295730e-002  3.6037283e-002  3.7354258e-002
  1.5680000e+001  3.4436820e-001  2.6044049e-005  3.4434215e-001  3.6149868e-001  4.0052209e+002  1.3907735e+000  1.8320956e-001  4.7394509e-002  3.6073523e-002  2.4593836e-002
  1.5180000e+001  3.3211629e-001  6.6918493e-003  3.2542444e-001  3.5361819e-001  3.6961483e+002  2.3488516e-002  1.7642584e-001  5.1016754e-002  3.5579074e-002  3.1771294e-002
  1.4680000e+001  2.9298340e-001  0.0000000e+000  2.9298340e-001  3.6402617e-001  3.4553993e+002  5.2788156e-001  1.5567726e-001  4.3384727e-002  3.1017152e-002  2.5785687e-002
  1.4180000e+001  2.9884893e-001  0.0000000e+000  2.9884893e-001  3.0683905e-001  2.5041652e+002  5.9455033e-001  1.4591137e-001  3.5774760e-002  2.7788441e-002  1.7019067e-002
  1.3680000e+001  3.2992987e-001  1.6215814e-002  3.1371406e-001  2.3364176e-001  1.6029228e+002  3.6872868e-003  1.4330245e-001  3.4972488e-002  2.6726393e-002  1.6469290e-002
  1.3180000e+001  3.4046187e-001  1.5508362e-002  3.2495351e-001  1.6298297e-001  8.0490187e+001  4.9029895e-003  1.1715008e-001  2.7063885e-002  2.0058664e-002  1.1776382e-002
  1.2680000e+001  3.1625837e-001  7.2287586e-004  3.1553550e-001  2.2141725e-001  1.3799232e+002  5.4597344e-001  1.2891404e-001  3.0151747e-002  2.3113841e-002  1.3289527e-002
  1.2180000e+001  4.3811905e-001  1.3121400e-001  3.0690505e-001  1.1308832e-001  4.9867509e+001  1.6821682e-004  1.5521068e-001  4.1092088e-002  2.9717922e-002  2.2621339e-002
  1.1680000e+001  3.3500862e-001  0.0000000e+000  3.3500862e-001  3.4033450e-001  3.4534879e+002  1.1798160e+000  1.7292239e-001  4.2836256e-002  3.3511842e-002  2.0555410e-002
  1.1180000e+001  3.0186846e-001  1.1827524e-005  3.0185663e-001  2.6786426e-001  1.9276903e+002  6.3137880e-001  1.3713131e-001  3.3962995e-002  2.5662369e-002  1.6668479e-002
  1.0680000e+001  3.1619061e-001  5.6519315e-002  2.5967129e-001  1.5600435e-001  6.8487668e+001  1.7603232e-004  1.2462269e-001  3.1043314e-002  2.3494870e-002  1.5346232e-002
  1.0180000e+001  3.1607669e-001  1.3703701e-003  3.1470632e-001  1.6203613e-001  7.3859470e+001  2.8666941e-001  1.0410334e-001  2.1168918e-002  1.6715354e-002  6.5766110e-003
  9.6800000e+000  3.3811431e-001  8.8289514e-002  2.4982479e-001  7.6406081e-002  1.7567477e+001  8.7323207e-005  7.9176903e-002  1.6492706e-002  1.2225408e-002  5.7093193e-003
  9.1800000e+000  3.3937577e-001  2.0354891e-001  1.3582686e-001  2.4716301e-002  1.8451760e+000  4.9297507e-006  4.1418619e-002  7.4431534e-003  5.2257725e-003  1.3629892e-003
  8.6800000e+000  1.7351222e-001  8.6978471e-002  8.6533753e-002  3.5558733e-002  1.9525971e+000  7.4866723e-007  1.8565927e-002  5.8978748e-003  2.1709697e-003  4.9046413e-003
