  2.0650000e+001  2.4283523e-001  1.9569937e-001  4.7135855e-002  2.2389805e-002  1.0834336e+000  1.6835953e-007  1.9821709e-002  9.3140238e-003  3.1195160e-003  1.0256610e-002
  2.0150000e+001  2.8496459e-001  2.8779616e-002  2.5618497e-001  1.8002237e-001  8.2192816e+001  4.3556726e-004  1.1507776e-001  2.7860999e-002  2.1289275e-002  1.3042914e-002
  1.9650000e+001  3.5147278e-001  7.8875177e-002  2.7259761e-001  1.1556029e-001  4.1773319e+001  1.5210334e-004  1.0823957e-001  2.8372196e-002  1.9482992e-002  1.5346763e-002
  1.9150000e+001  3.5288715e-001  3.1152652e-002  3.2173450e-001  1.5650382e-001  7.6926453e+001  1.3790490e-003  1.2197842e-001  2.8011711e-002  2.1181599e-002  1.1750317e-002
  1.8650000e+001  3.3314281e-001  9.8500376e-003  3.2329277e-001  1.5516506e-001  7.1385226e+001  1.0961325e-002  1.0967864e-001  2.5133668e-002  1.8353472e-002  1.0823986e-002
  1.8150000e+001  3.2460525e-001  3.0305068e-002  2.9430018e-001  1.0912475e-001  3.4402667e+001  8.7292810e-004  8.6227000e-002  2.6574729e-002  1.3663758e-002  2.1272710e-002
  1.7650000e+001  3.1714360e-001  1.1520114e-002  3.0562348e-001  1.3103438e-001  4.8463693e+001  5.8979607e-003  9.2477882e-002  2.0038029e-002  1.4568963e-002  7.4862824e-003
  1.7150000e+001  3.4190719e-001  6.0325409e-002  2.8158178e-001  8.8602980e-002  2.3888831e+001  2.4842801e-004  8.7016993e-002  1.6538416e-002  1.3015578e-002  4.0615208e-003
  1.6650000e+001  3.8775082e-001  1.2082844e-001  2.6692239e-001  7.6612592e-002  2.0255504e+001  9.2064293e-005  1.0660404e-001  2.1755961e-002  1.7717665e-002  6.7179130e-003
  1.6150000e+001  3.4295998e-001  1.0839658e-001  2.3456341e-001  6.8152456e-002  1.4177396e+001  5.4063554e-005  7.8941980e-002  1.5001850e-002  1.1666288e-002  3.6197270e-003
  1.5650000e+001  2.6901773e-001  4.7717750e-004  2.6854055e-001  1.1621681e-001  3.2337676e+001  2.5676158e-001  6.4898845e-002  1.1327357e-002  8.1595014e-003  1.8446331e-003
  1.5150000e+001  2.5744796e-001  9.7361537e-003  2.4771180e-001  1.0209806e-001  2.3884406e+001  2.3485360e-003  5.8039696e-002  1.2999867e-002  7.7274572e-003  6.3686859e-003
  1.4650000e+001  3.2327056e-001  4.7277804e-002  2.7599275e-001  1.1482167e-001  3.7931840e+001  3.1047704e-004  9.1617730e-002  2.1324204e-002  1.5086167e-002  9.5414704e-003
  1.4150000e+001  2.9848299e-001  4.5445054e-003  2.9393849e-001  1.7734307e-001  8.3548377e+001  2.6433885e-002  1.0656925e-001  2.3315304e-002  1.8078403e-002  8.7955739e-003
  1.3650000e+001  3.2254053e-001  1.2899709e-002  3.0964082e-001  1.3518923e-001  5.2463646e+001  5.1733279e-003  9.4492334e-002  1.8355998e-002  1.4281860e-002  4.8461122e-003
  1.3150000e+001  3.2699364e-001  4.5571670e-003  3.2243647e-001  1.9195590e-001  1.0723394e+002  4.5573243e-002  1.2329514e-001  2.7951993e-002  2.1487778e-002  1.1438658e-002
  1.2650000e+001  2.8594042e-001  6.1560505e-002  2.2437992e-001  4.8924171e-002  6.0913354e+000  7.4101947e-005  3.0150545e-002  4.9399833e-003  2.2267214e-003  3.6888421e-004
  1.2150000e+001  3.3205507e-001  8.1324677e-002  2.5073039e-001  6.0315993e-002  1.0751402e+001  9.6432287e-005  5.0074806e-002  9.1688410e-003  5.3976524e-003  2.1689740e-003
  1.1650000e+001  3.0972472e-001  6.0691614e-002  2.4903311e-001  6.2166542e-002  1.0653181e+001  1.2927686e-004  4.6687979e-002  7.8480761e-003  4.7208299e-003  9.1342829e-004
  1.1150000e+001  2.9422660e-001  1.4332646e-001  1.5090014e-001  3.7699513e-002  3.7217176e+000  6.9328454e-006  3.9195675e-002  6.9338134e-003  4.6483207e-003  1.1589834e-003
  1.0650000e+001  3.1028004e-001  1.8258952e-001  1.2769052e-001  2.9202726e-002  2.3549985e+000  3.7830874e-006  2.8926256e-002  7.3411676e-003  3.0901099e-003  4.6110074e-003
  1.0150000e+001  2.6501119e-001  1.8336173e-001  8.1649461e-002  1.8261245e-002  7.8652944e-001  8.1622815e-007  1.6172990e-002  3.7824970e-003  1.4158918e-003  2.0584028e-003
  9.6500000e+000  2.1182359e-001  1.9157045e-001  2.0253144e-002  1.1510503e-002  2.4977730e-001  1.8779833e-008  6.8692711e-003  1.1440248e-003  1.8281248e-004  4.5379816e-005
  9.1500000e+000  8.1280798e-002  4.9493671e-002  3.1787127e-002  3.8896879e-002  1.0944791e+000  1.5019525e-008  1.0064393e-002  4.8415968e-003  1.6971276e-003  5.4092549e-003
