  1.0650000e+001  6.2430850e-002  5.6030136e-002  6.4007137e-003  9.7750307e-003  5.3091563e-002  1.6540571e-010  2.1857570e-003  3.7457397e-004  4.1524839e-005  1.9866390e-005
  1.0150000e+001  7.3658930e-002  6.7344460e-002  6.3144700e-003  9.0466467e-003  5.3652588e-002  2.1595055e-010  4.2222236e-003  1.0232933e-003  6.9382725e-004  4.6549609e-004
  9.6500000e+000  3.0882614e-001  4.5624192e-002  2.6320195e-001  1.7312530e-001  8.2380634e+001  2.5253050e-004  1.2073065e-001  3.0525334e-002  2.2518704e-002  1.5671107e-002
  9.1500000e+000  3.3094185e-001  2.0528411e-002  3.1041344e-001  1.7593984e-001  9.1173807e+001  2.2836324e-003  1.2154776e-001  2.9453237e-002  2.1635914e-002  1.4088723e-002
  8.6500000e+000  3.3755384e-001  5.4861791e-002  2.8269205e-001  1.2899225e-001  4.9987372e+001  2.8760310e-004  1.1549176e-001  2.5226546e-002  2.0124487e-002  9.4435438e-003
  8.1500000e+000  3.2132599e-001  3.8221478e-002  2.8310451e-001  8.6889884e-002  2.1591077e+001  4.8780164e-004  7.2566023e-002  1.3150662e-002  9.7575614e-003  2.6276476e-003
  7.6500000e+000  3.1210203e-001  9.3514414e-002  2.1858761e-001  5.8874557e-002  9.6281288e+000  4.3262245e-005  6.3212377e-002  1.6067567e-002  9.4437417e-003  9.9573393e-003
  7.1500000e+000  2.7854226e-001  1.6533134e-001  1.1321092e-001  2.4734943e-002  1.5167113e+000  2.3555541e-006  2.3898999e-002  4.4498929e-003  2.2656712e-003  1.1518418e-003
  6.6500000e+000  2.6357764e-001  1.7812146e-001  8.5456189e-002  1.8073935e-002  7.6630919e-001  9.2715758e-007  1.5949615e-002  2.6269050e-003  1.0391141e-003  1.8583476e-004
  6.1500000e+000  2.7387448e-001  1.9952342e-001  7.4351065e-002  1.7546860e-002  7.5048216e-001  6.5201919e-007  1.6141006e-002  3.9928083e-003  1.4273574e-003  2.4066683e-003
  5.6500000e+000  2.1681192e-001  1.5005309e-001  6.6758832e-002  1.9997486e-002  7.7165638e-001  3.6502222e-007  1.9160838e-002  3.4552571e-003  2.2537096e-003  6.3451402e-004
  5.1500000e+000  2.6028885e-001  1.9103919e-001  6.9249668e-002  1.4078090e-002  4.5912722e-001  5.0336062e-007  1.6129927e-002  2.7094420e-003  1.3665901e-003  2.7482581e-004
  4.6500000e+000  2.6549465e-001  1.4741077e-001  1.1808388e-001  3.1363826e-002  2.3243625e+000  2.6607517e-006  3.8213272e-002  8.3727242e-003  5.6222155e-003  3.5141255e-003
  4.1500000e+000  2.9776807e-001  8.8387424e-002  2.0938064e-001  6.3757304e-002  1.0772786e+001  3.6815220e-005  6.5898547e-002  2.0243510e-002  1.0599468e-002  1.6039283e-002
  3.6500000e+000  2.7236150e-001  6.5091278e-002  2.0727022e-001  1.4356291e-001  4.9959746e+001  4.6557212e-005  1.0026365e-001  3.0895436e-002  1.9472490e-002  2.1612604e-002
  3.1500000e+000  9.1047176e-002  6.0350891e-004  9.0443667e-002  2.8920217e-001  6.7773446e+001  3.4388659e-004  3.9339290e-002  2.0265566e-002  7.9593737e-003  2.3072872e-002
  2.6500000e+000  6.4181719e-002  3.4199460e-002  2.9982259e-002  3.5932532e-002  7.3752541e-001  1.0875339e-008  1.2065256e-002  2.3657800e-003  1.8088798e-003  6.2188839e-004
