   4.6200000e+00   3.9147573e-02   1.8976389e-01   6.7280000e-04   2.7841446e-02   8.8731790e-03   4.4353238e-03   6.6053886e-03
   5.1200000e+00   5.2798066e-02   1.9071525e-01   6.1480000e-06   2.8494626e-02   5.6484402e-03   3.2966961e-03   1.9532354e-03
   5.6200000e+00   5.1873686e-02   2.8921918e-01   8.4680000e-05   4.6218485e-02   8.5143849e-03   5.8639002e-03   1.7907667e-03
   6.1200000e+00   4.1530407e-02   3.3588314e-01   8.5840000e-05   5.0958419e-02   1.2135950e-02   6.7704235e-03   6.7088880e-03
   6.6200000e+00   4.0955280e-02   3.1202789e-01   8.0040000e-05   4.2071808e-02   7.9383099e-03   4.7993531e-03   2.2289470e-03
   7.1200000e+00   4.8590785e-02   3.1058017e-01   6.1480000e-06   4.0230317e-02   6.7869465e-03   3.8033103e-03   7.7454193e-04
   7.6200000e+00   1.1893235e-01   3.3100213e-01   2.9000000e-04   9.4358048e-02   1.9643964e-02   1.5015650e-02   6.5288173e-03
   8.1200000e+00   2.2266654e-01   3.4230530e-01   1.2528000e-03   1.4505477e-01   3.5323091e-02   2.6920245e-02   1.6728284e-02
   8.6200000e+00   2.1299789e-01   3.3730692e-01   3.3872000e-04   1.3881449e-01   3.1820638e-02   2.5025519e-02   1.3354561e-02
   9.1200000e+00   2.2060989e-01   3.3872386e-01   5.9624000e-04   1.4636891e-01   3.4873196e-02   2.7345699e-02   1.5712326e-02
   9.6200000e+00   1.7547478e-01   3.3598705e-01   5.2200000e-04   1.2367842e-01   3.0148499e-02   2.2077385e-02   1.4530503e-02
   1.0120000e+01   4.2541718e-02   1.5346775e-01   3.5496000e-04   2.9563038e-02   5.6198094e-03   4.4230898e-03   1.3769620e-03
